2019/12/18-21:05:57.074992 70000cf74000 RocksDB version: 5.17.2
2019/12/18-21:05:57.075102 70000cf74000 Git sha rocksdb_build_git_sha:f438b98e552010613cff8684a7d84191ed785148
2019/12/18-21:05:57.075107 70000cf74000 Compile date Nov 27 2018
2019/12/18-21:05:57.075109 70000cf74000 DB SUMMARY
2019/12/18-21:05:57.075286 70000cf74000 CURRENT file:  CURRENT
2019/12/18-21:05:57.075290 70000cf74000 IDENTITY file:  IDENTITY
2019/12/18-21:05:57.075313 70000cf74000 MANIFEST file:  MANIFEST-000149 size: 62 Bytes
2019/12/18-21:05:57.075317 70000cf74000 SST files in db dir, Total Num: 0, files: 
2019/12/18-21:05:57.075319 70000cf74000 Write Ahead Log file in db: 000150.log size: 0 ; 
2019/12/18-21:05:57.075331 70000cf74000                         Options.error_if_exists: 0
2019/12/18-21:05:57.075338 70000cf74000                       Options.create_if_missing: 1
2019/12/18-21:05:57.075340 70000cf74000                         Options.paranoid_checks: 1
2019/12/18-21:05:57.075341 70000cf74000                                     Options.env: 0x11d5051d8
2019/12/18-21:05:57.075344 70000cf74000                                Options.info_log: 0x7f946d6759b0
2019/12/18-21:05:57.075345 70000cf74000                Options.max_file_opening_threads: 16
2019/12/18-21:05:57.075347 70000cf74000                              Options.statistics: 0x0
2019/12/18-21:05:57.075349 70000cf74000                               Options.use_fsync: 0
2019/12/18-21:05:57.075350 70000cf74000                       Options.max_log_file_size: 0
2019/12/18-21:05:57.075352 70000cf74000                  Options.max_manifest_file_size: 1073741824
2019/12/18-21:05:57.075354 70000cf74000                   Options.log_file_time_to_roll: 0
2019/12/18-21:05:57.075356 70000cf74000                       Options.keep_log_file_num: 1000
2019/12/18-21:05:57.075358 70000cf74000                    Options.recycle_log_file_num: 0
2019/12/18-21:05:57.075360 70000cf74000                         Options.allow_fallocate: 1
2019/12/18-21:05:57.075362 70000cf74000                        Options.allow_mmap_reads: 1
2019/12/18-21:05:57.075363 70000cf74000                       Options.allow_mmap_writes: 0
2019/12/18-21:05:57.075365 70000cf74000                        Options.use_direct_reads: 0
2019/12/18-21:05:57.075367 70000cf74000                        Options.use_direct_io_for_flush_and_compaction: 0
2019/12/18-21:05:57.075369 70000cf74000          Options.create_missing_column_families: 0
2019/12/18-21:05:57.075371 70000cf74000                              Options.db_log_dir: 
2019/12/18-21:05:57.075372 70000cf74000                                 Options.wal_dir: db
2019/12/18-21:05:57.075374 70000cf74000                Options.table_cache_numshardbits: 6
2019/12/18-21:05:57.075376 70000cf74000                      Options.max_subcompactions: 1
2019/12/18-21:05:57.075378 70000cf74000                  Options.max_background_flushes: -1
2019/12/18-21:05:57.075380 70000cf74000                         Options.WAL_ttl_seconds: 0
2019/12/18-21:05:57.075382 70000cf74000                       Options.WAL_size_limit_MB: 0
2019/12/18-21:05:57.075383 70000cf74000             Options.manifest_preallocation_size: 4194304
2019/12/18-21:05:57.075385 70000cf74000                     Options.is_fd_close_on_exec: 1
2019/12/18-21:05:57.075387 70000cf74000                   Options.advise_random_on_open: 1
2019/12/18-21:05:57.075389 70000cf74000                    Options.db_write_buffer_size: 0
2019/12/18-21:05:57.075390 70000cf74000                    Options.write_buffer_manager: 0x7f946d675450
2019/12/18-21:05:57.075392 70000cf74000         Options.access_hint_on_compaction_start: 1
2019/12/18-21:05:57.075394 70000cf74000  Options.new_table_reader_for_compaction_inputs: 0
2019/12/18-21:05:57.075396 70000cf74000           Options.random_access_max_buffer_size: 1048576
2019/12/18-21:05:57.075398 70000cf74000                      Options.use_adaptive_mutex: 0
2019/12/18-21:05:57.075399 70000cf74000                            Options.rate_limiter: 0x7f946d75a360
2019/12/18-21:05:57.075406 70000cf74000     Options.sst_file_manager.rate_bytes_per_sec: 0
2019/12/18-21:05:57.075412 70000cf74000                       Options.wal_recovery_mode: 2
2019/12/18-21:05:57.075414 70000cf74000                  Options.enable_thread_tracking: 0
2019/12/18-21:05:57.075416 70000cf74000                  Options.enable_pipelined_write: 0
2019/12/18-21:05:57.075417 70000cf74000         Options.allow_concurrent_memtable_write: 1
2019/12/18-21:05:57.075419 70000cf74000      Options.enable_write_thread_adaptive_yield: 1
2019/12/18-21:05:57.075420 70000cf74000             Options.write_thread_max_yield_usec: 100
2019/12/18-21:05:57.075422 70000cf74000            Options.write_thread_slow_yield_usec: 3
2019/12/18-21:05:57.075424 70000cf74000                               Options.row_cache: None
2019/12/18-21:05:57.075425 70000cf74000                              Options.wal_filter: None
2019/12/18-21:05:57.075427 70000cf74000             Options.avoid_flush_during_recovery: 0
2019/12/18-21:05:57.075428 70000cf74000             Options.allow_ingest_behind: 0
2019/12/18-21:05:57.075430 70000cf74000             Options.preserve_deletes: 0
2019/12/18-21:05:57.075432 70000cf74000             Options.two_write_queues: 0
2019/12/18-21:05:57.075434 70000cf74000             Options.manual_wal_flush: 0
2019/12/18-21:05:57.075436 70000cf74000             Options.max_background_jobs: 2
2019/12/18-21:05:57.075437 70000cf74000             Options.max_background_compactions: 10
2019/12/18-21:05:57.075439 70000cf74000             Options.avoid_flush_during_shutdown: 0
2019/12/18-21:05:57.075441 70000cf74000           Options.writable_file_max_buffer_size: 1048576
2019/12/18-21:05:57.075442 70000cf74000             Options.delayed_write_rate : 10000000
2019/12/18-21:05:57.075444 70000cf74000             Options.max_total_wal_size: 0
2019/12/18-21:05:57.075446 70000cf74000             Options.delete_obsolete_files_period_micros: 21600000000
2019/12/18-21:05:57.075448 70000cf74000                   Options.stats_dump_period_sec: 600
2019/12/18-21:05:57.075449 70000cf74000                          Options.max_open_files: -1
2019/12/18-21:05:57.075451 70000cf74000                          Options.bytes_per_sync: 1048576
2019/12/18-21:05:57.075453 70000cf74000                      Options.wal_bytes_per_sync: 0
2019/12/18-21:05:57.075455 70000cf74000       Options.compaction_readahead_size: 0
2019/12/18-21:05:57.075457 70000cf74000 Compression algorithms supported:
2019/12/18-21:05:57.075463 70000cf74000 	kZSTD supported: 1
2019/12/18-21:05:57.075466 70000cf74000 	kZlibCompression supported: 1
2019/12/18-21:05:57.075468 70000cf74000 	kXpressCompression supported: 0
2019/12/18-21:05:57.075470 70000cf74000 	kSnappyCompression supported: 1
2019/12/18-21:05:57.075472 70000cf74000 	kZSTDNotFinalCompression supported: 1
2019/12/18-21:05:57.075474 70000cf74000 	kLZ4HCCompression supported: 1
2019/12/18-21:05:57.075476 70000cf74000 	kLZ4Compression supported: 1
2019/12/18-21:05:57.075478 70000cf74000 	kBZip2Compression supported: 1
2019/12/18-21:05:57.075484 70000cf74000 Fast CRC32 supported: Not supported on x86
2019/12/18-21:05:57.076139 70000cf74000 [db/version_set.cc:3406] Recovering from manifest file: MANIFEST-000149
2019/12/18-21:05:57.076234 70000cf74000 [db/column_family.cc:475] --------------- Options for column family [default]:
2019/12/18-21:05:57.076239 70000cf74000               Options.comparator: leveldb.BytewiseComparator
2019/12/18-21:05:57.076241 70000cf74000           Options.merge_operator: None
2019/12/18-21:05:57.076243 70000cf74000        Options.compaction_filter: None
2019/12/18-21:05:57.076245 70000cf74000        Options.compaction_filter_factory: None
2019/12/18-21:05:57.076247 70000cf74000         Options.memtable_factory: SkipListFactory
2019/12/18-21:05:57.076249 70000cf74000            Options.table_factory: BlockBasedTable
2019/12/18-21:05:57.076278 70000cf74000            table_factory options:   flush_block_policy_factory: FlushBlockBySizePolicyFactory (0x7f946d75a630)
  cache_index_and_filter_blocks: 1
  cache_index_and_filter_blocks_with_high_priority: 0
  pin_l0_filter_and_index_blocks_in_cache: 0
  pin_top_level_index_and_filter: 1
  index_type: 0
  hash_index_allow_collision: 0
  checksum: 1
  no_block_cache: 0
  block_cache: 0x7f946d75c078
  block_cache_name: LRUCache
  block_cache_options:
    capacity : 65536
    num_shard_bits : 10
    strict_capacity_limit : 0
    high_pri_pool_ratio: 0.000
  block_cache_compressed: 0x0
  persistent_cache: 0x0
  block_size: 4096
  block_size_deviation: 5
  block_restart_interval: 10
  index_block_restart_interval: 1
  metadata_block_size: 4096
  partition_filters: 0
  use_delta_encoding: 1
  filter_policy: rocksdb.BuiltinBloomFilter
  whole_key_filtering: 1
  verify_compression: 0
  read_amp_bytes_per_bit: 0
  format_version: 0
  enable_index_compression: 1
  block_align: 0
2019/12/18-21:05:57.076287 70000cf74000        Options.write_buffer_size: 65536
2019/12/18-21:05:57.076289 70000cf74000  Options.max_write_buffer_number: 3
2019/12/18-21:05:57.076291 70000cf74000          Options.compression: NoCompression
2019/12/18-21:05:57.076293 70000cf74000                  Options.bottommost_compression: Disabled
2019/12/18-21:05:57.076295 70000cf74000       Options.prefix_extractor: nullptr
2019/12/18-21:05:57.076297 70000cf74000   Options.memtable_insert_with_hint_prefix_extractor: nullptr
2019/12/18-21:05:57.076299 70000cf74000             Options.num_levels: 7
2019/12/18-21:05:57.076301 70000cf74000        Options.min_write_buffer_number_to_merge: 1
2019/12/18-21:05:57.076303 70000cf74000     Options.max_write_buffer_number_to_maintain: 0
2019/12/18-21:05:57.076305 70000cf74000            Options.bottommost_compression_opts.window_bits: -14
2019/12/18-21:05:57.076307 70000cf74000                  Options.bottommost_compression_opts.level: 32767
2019/12/18-21:05:57.076309 70000cf74000               Options.bottommost_compression_opts.strategy: 0
2019/12/18-21:05:57.076310 70000cf74000         Options.bottommost_compression_opts.max_dict_bytes: 0
2019/12/18-21:05:57.076312 70000cf74000         Options.bottommost_compression_opts.zstd_max_train_bytes: 0
2019/12/18-21:05:57.076314 70000cf74000                  Options.bottommost_compression_opts.enabled: false
2019/12/18-21:05:57.076316 70000cf74000            Options.compression_opts.window_bits: -14
2019/12/18-21:05:57.076319 70000cf74000                  Options.compression_opts.level: 32767
2019/12/18-21:05:57.076324 70000cf74000               Options.compression_opts.strategy: 0
2019/12/18-21:05:57.076326 70000cf74000         Options.compression_opts.max_dict_bytes: 0
2019/12/18-21:05:57.076328 70000cf74000         Options.compression_opts.zstd_max_train_bytes: 0
2019/12/18-21:05:57.076330 70000cf74000                  Options.compression_opts.enabled: false
2019/12/18-21:05:57.076332 70000cf74000      Options.level0_file_num_compaction_trigger: 4
2019/12/18-21:05:57.076334 70000cf74000          Options.level0_slowdown_writes_trigger: 20
2019/12/18-21:05:57.076336 70000cf74000              Options.level0_stop_writes_trigger: 36
2019/12/18-21:05:57.076338 70000cf74000                   Options.target_file_size_base: 67108864
2019/12/18-21:05:57.076340 70000cf74000             Options.target_file_size_multiplier: 1
2019/12/18-21:05:57.076342 70000cf74000                Options.max_bytes_for_level_base: 268435456
2019/12/18-21:05:57.076344 70000cf74000 Options.level_compaction_dynamic_level_bytes: 0
2019/12/18-21:05:57.076346 70000cf74000          Options.max_bytes_for_level_multiplier: 10.000000
2019/12/18-21:05:57.076349 70000cf74000 Options.max_bytes_for_level_multiplier_addtl[0]: 1
2019/12/18-21:05:57.076351 70000cf74000 Options.max_bytes_for_level_multiplier_addtl[1]: 1
2019/12/18-21:05:57.076353 70000cf74000 Options.max_bytes_for_level_multiplier_addtl[2]: 1
2019/12/18-21:05:57.076355 70000cf74000 Options.max_bytes_for_level_multiplier_addtl[3]: 1
2019/12/18-21:05:57.076357 70000cf74000 Options.max_bytes_for_level_multiplier_addtl[4]: 1
2019/12/18-21:05:57.076359 70000cf74000 Options.max_bytes_for_level_multiplier_addtl[5]: 1
2019/12/18-21:05:57.076361 70000cf74000 Options.max_bytes_for_level_multiplier_addtl[6]: 1
2019/12/18-21:05:57.076363 70000cf74000       Options.max_sequential_skip_in_iterations: 8
2019/12/18-21:05:57.076365 70000cf74000                    Options.max_compaction_bytes: 1677721600
2019/12/18-21:05:57.076367 70000cf74000                        Options.arena_block_size: 8192
2019/12/18-21:05:57.076369 70000cf74000   Options.soft_pending_compaction_bytes_limit: 68719476736
2019/12/18-21:05:57.076370 70000cf74000   Options.hard_pending_compaction_bytes_limit: 274877906944
2019/12/18-21:05:57.076372 70000cf74000       Options.rate_limit_delay_max_milliseconds: 100
2019/12/18-21:05:57.076374 70000cf74000                Options.disable_auto_compactions: 0
2019/12/18-21:05:57.076377 70000cf74000                        Options.compaction_style: kCompactionStyleUniversal
2019/12/18-21:05:57.076379 70000cf74000                          Options.compaction_pri: kByCompensatedSize
2019/12/18-21:05:57.076381 70000cf74000 Options.compaction_options_universal.size_ratio: 1
2019/12/18-21:05:57.076383 70000cf74000 Options.compaction_options_universal.min_merge_width: 2
2019/12/18-21:05:57.076384 70000cf74000 Options.compaction_options_universal.max_merge_width: 4294967295
2019/12/18-21:05:57.076386 70000cf74000 Options.compaction_options_universal.max_size_amplification_percent: 200
2019/12/18-21:05:57.076388 70000cf74000 Options.compaction_options_universal.compression_size_percent: -1
2019/12/18-21:05:57.076390 70000cf74000 Options.compaction_options_universal.stop_style: kCompactionStopStyleTotalSize
2019/12/18-21:05:57.076396 70000cf74000 Options.compaction_options_fifo.max_table_files_size: 1073741824
2019/12/18-21:05:57.076399 70000cf74000 Options.compaction_options_fifo.allow_compaction: 0
2019/12/18-21:05:57.076401 70000cf74000 Options.compaction_options_fifo.ttl: 0
2019/12/18-21:05:57.076403 70000cf74000                   Options.table_properties_collectors: 
2019/12/18-21:05:57.076405 70000cf74000                   Options.inplace_update_support: 0
2019/12/18-21:05:57.076406 70000cf74000                 Options.inplace_update_num_locks: 10000
2019/12/18-21:05:57.076408 70000cf74000               Options.memtable_prefix_bloom_size_ratio: 0.000000
2019/12/18-21:05:57.076411 70000cf74000   Options.memtable_huge_page_size: 0
2019/12/18-21:05:57.076413 70000cf74000                           Options.bloom_locality: 0
2019/12/18-21:05:57.076415 70000cf74000                    Options.max_successive_merges: 0
2019/12/18-21:05:57.076416 70000cf74000                Options.optimize_filters_for_hits: 0
2019/12/18-21:05:57.076418 70000cf74000                Options.paranoid_file_checks: 0
2019/12/18-21:05:57.076420 70000cf74000                Options.force_consistency_checks: 0
2019/12/18-21:05:57.076422 70000cf74000                Options.report_bg_io_stats: 0
2019/12/18-21:05:57.076424 70000cf74000                               Options.ttl: 0
2019/12/18-21:05:57.077644 70000cf74000 [db/version_set.cc:3610] Recovered from manifest file:db/MANIFEST-000149 succeeded,manifest_file_number is 149, next_file_number is 151, last_sequence is 0, log_number is 0,prev_log_number is 0,max_column_family is 0,min_log_number_to_keep is 0
2019/12/18-21:05:57.077652 70000cf74000 [db/version_set.cc:3618] Column family [default] (ID 0), log number is 148
2019/12/18-21:05:57.077940 70000cf74000 EVENT_LOG_v1 {"time_micros": 1576674357077916, "job": 1, "event": "recovery_started", "log_files": [150]}
2019/12/18-21:05:57.077957 70000cf74000 [db/db_impl_open.cc:561] Recovering log #150 mode 2
2019/12/18-21:05:57.078069 70000cf74000 [db/version_set.cc:2936] Creating manifest 152
2019/12/18-21:05:57.079754 70000cf74000 EVENT_LOG_v1 {"time_micros": 1576674357079746, "job": 1, "event": "recovery_finished"}
2019/12/18-21:05:57.098857 70000cf74000 [db/db_impl_open.cc:1287] DB pointer 0x7f946e98e400
