2019/12/11-16:52:07.962601 700001b34000 RocksDB version: 5.17.2
2019/12/11-16:52:07.962716 700001b34000 Git sha rocksdb_build_git_sha:f438b98e552010613cff8684a7d84191ed785148
2019/12/11-16:52:07.962722 700001b34000 Compile date Nov 27 2018
2019/12/11-16:52:07.962724 700001b34000 DB SUMMARY
2019/12/11-16:52:07.962867 700001b34000 CURRENT file:  CURRENT
2019/12/11-16:52:07.962871 700001b34000 IDENTITY file:  IDENTITY
2019/12/11-16:52:07.962885 700001b34000 MANIFEST file:  MANIFEST-000065 size: 59 Bytes
2019/12/11-16:52:07.962888 700001b34000 SST files in db dir, Total Num: 0, files: 
2019/12/11-16:52:07.962890 700001b34000 Write Ahead Log file in db: 000066.log size: 0 ; 
2019/12/11-16:52:07.962895 700001b34000                         Options.error_if_exists: 0
2019/12/11-16:52:07.962900 700001b34000                       Options.create_if_missing: 1
2019/12/11-16:52:07.962901 700001b34000                         Options.paranoid_checks: 1
2019/12/11-16:52:07.962902 700001b34000                                     Options.env: 0x1186c21d8
2019/12/11-16:52:07.962903 700001b34000                                Options.info_log: 0x7fa8dae71200
2019/12/11-16:52:07.962904 700001b34000                Options.max_file_opening_threads: 16
2019/12/11-16:52:07.962905 700001b34000                              Options.statistics: 0x0
2019/12/11-16:52:07.962906 700001b34000                               Options.use_fsync: 0
2019/12/11-16:52:07.962907 700001b34000                       Options.max_log_file_size: 0
2019/12/11-16:52:07.962908 700001b34000                  Options.max_manifest_file_size: 1073741824
2019/12/11-16:52:07.962909 700001b34000                   Options.log_file_time_to_roll: 0
2019/12/11-16:52:07.962910 700001b34000                       Options.keep_log_file_num: 1000
2019/12/11-16:52:07.962911 700001b34000                    Options.recycle_log_file_num: 0
2019/12/11-16:52:07.962912 700001b34000                         Options.allow_fallocate: 1
2019/12/11-16:52:07.962913 700001b34000                        Options.allow_mmap_reads: 1
2019/12/11-16:52:07.962914 700001b34000                       Options.allow_mmap_writes: 0
2019/12/11-16:52:07.962919 700001b34000                        Options.use_direct_reads: 0
2019/12/11-16:52:07.962920 700001b34000                        Options.use_direct_io_for_flush_and_compaction: 0
2019/12/11-16:52:07.962921 700001b34000          Options.create_missing_column_families: 0
2019/12/11-16:52:07.962922 700001b34000                              Options.db_log_dir: 
2019/12/11-16:52:07.962923 700001b34000                                 Options.wal_dir: db
2019/12/11-16:52:07.962924 700001b34000                Options.table_cache_numshardbits: 6
2019/12/11-16:52:07.962925 700001b34000                      Options.max_subcompactions: 1
2019/12/11-16:52:07.962926 700001b34000                  Options.max_background_flushes: -1
2019/12/11-16:52:07.962927 700001b34000                         Options.WAL_ttl_seconds: 0
2019/12/11-16:52:07.962928 700001b34000                       Options.WAL_size_limit_MB: 0
2019/12/11-16:52:07.962929 700001b34000             Options.manifest_preallocation_size: 4194304
2019/12/11-16:52:07.962930 700001b34000                     Options.is_fd_close_on_exec: 1
2019/12/11-16:52:07.962931 700001b34000                   Options.advise_random_on_open: 1
2019/12/11-16:52:07.962932 700001b34000                    Options.db_write_buffer_size: 0
2019/12/11-16:52:07.962933 700001b34000                    Options.write_buffer_manager: 0x7fa8dae70b00
2019/12/11-16:52:07.962934 700001b34000         Options.access_hint_on_compaction_start: 1
2019/12/11-16:52:07.962935 700001b34000  Options.new_table_reader_for_compaction_inputs: 0
2019/12/11-16:52:07.962936 700001b34000           Options.random_access_max_buffer_size: 1048576
2019/12/11-16:52:07.962937 700001b34000                      Options.use_adaptive_mutex: 0
2019/12/11-16:52:07.962937 700001b34000                            Options.rate_limiter: 0x7fa8daf3b4b0
2019/12/11-16:52:07.962942 700001b34000     Options.sst_file_manager.rate_bytes_per_sec: 0
2019/12/11-16:52:07.962945 700001b34000                       Options.wal_recovery_mode: 2
2019/12/11-16:52:07.962946 700001b34000                  Options.enable_thread_tracking: 0
2019/12/11-16:52:07.962947 700001b34000                  Options.enable_pipelined_write: 0
2019/12/11-16:52:07.962948 700001b34000         Options.allow_concurrent_memtable_write: 1
2019/12/11-16:52:07.962949 700001b34000      Options.enable_write_thread_adaptive_yield: 1
2019/12/11-16:52:07.962950 700001b34000             Options.write_thread_max_yield_usec: 100
2019/12/11-16:52:07.962951 700001b34000            Options.write_thread_slow_yield_usec: 3
2019/12/11-16:52:07.962952 700001b34000                               Options.row_cache: None
2019/12/11-16:52:07.962953 700001b34000                              Options.wal_filter: None
2019/12/11-16:52:07.962954 700001b34000             Options.avoid_flush_during_recovery: 0
2019/12/11-16:52:07.962955 700001b34000             Options.allow_ingest_behind: 0
2019/12/11-16:52:07.962956 700001b34000             Options.preserve_deletes: 0
2019/12/11-16:52:07.962957 700001b34000             Options.two_write_queues: 0
2019/12/11-16:52:07.962958 700001b34000             Options.manual_wal_flush: 0
2019/12/11-16:52:07.962959 700001b34000             Options.max_background_jobs: 2
2019/12/11-16:52:07.962960 700001b34000             Options.max_background_compactions: 10
2019/12/11-16:52:07.962961 700001b34000             Options.avoid_flush_during_shutdown: 0
2019/12/11-16:52:07.962962 700001b34000           Options.writable_file_max_buffer_size: 1048576
2019/12/11-16:52:07.962963 700001b34000             Options.delayed_write_rate : 10000000
2019/12/11-16:52:07.962963 700001b34000             Options.max_total_wal_size: 0
2019/12/11-16:52:07.962964 700001b34000             Options.delete_obsolete_files_period_micros: 21600000000
2019/12/11-16:52:07.962965 700001b34000                   Options.stats_dump_period_sec: 600
2019/12/11-16:52:07.962966 700001b34000                          Options.max_open_files: -1
2019/12/11-16:52:07.962970 700001b34000                          Options.bytes_per_sync: 1048576
2019/12/11-16:52:07.962972 700001b34000                      Options.wal_bytes_per_sync: 0
2019/12/11-16:52:07.962973 700001b34000       Options.compaction_readahead_size: 0
2019/12/11-16:52:07.962974 700001b34000 Compression algorithms supported:
2019/12/11-16:52:07.962977 700001b34000 	kZSTD supported: 1
2019/12/11-16:52:07.962979 700001b34000 	kZlibCompression supported: 1
2019/12/11-16:52:07.962980 700001b34000 	kXpressCompression supported: 0
2019/12/11-16:52:07.962981 700001b34000 	kSnappyCompression supported: 1
2019/12/11-16:52:07.962982 700001b34000 	kZSTDNotFinalCompression supported: 1
2019/12/11-16:52:07.962983 700001b34000 	kLZ4HCCompression supported: 1
2019/12/11-16:52:07.962984 700001b34000 	kLZ4Compression supported: 1
2019/12/11-16:52:07.962985 700001b34000 	kBZip2Compression supported: 1
2019/12/11-16:52:07.962990 700001b34000 Fast CRC32 supported: Not supported on x86
2019/12/11-16:52:07.963405 700001b34000 [db/version_set.cc:3406] Recovering from manifest file: MANIFEST-000065
2019/12/11-16:52:07.963471 700001b34000 [db/column_family.cc:475] --------------- Options for column family [default]:
2019/12/11-16:52:07.963474 700001b34000               Options.comparator: leveldb.BytewiseComparator
2019/12/11-16:52:07.963476 700001b34000           Options.merge_operator: None
2019/12/11-16:52:07.963477 700001b34000        Options.compaction_filter: None
2019/12/11-16:52:07.963478 700001b34000        Options.compaction_filter_factory: None
2019/12/11-16:52:07.963479 700001b34000         Options.memtable_factory: SkipListFactory
2019/12/11-16:52:07.963480 700001b34000            Options.table_factory: BlockBasedTable
2019/12/11-16:52:07.963501 700001b34000            table_factory options:   flush_block_policy_factory: FlushBlockBySizePolicyFactory (0x7fa8dadb23b0)
  cache_index_and_filter_blocks: 1
  cache_index_and_filter_blocks_with_high_priority: 0
  pin_l0_filter_and_index_blocks_in_cache: 0
  pin_top_level_index_and_filter: 1
  index_type: 0
  hash_index_allow_collision: 0
  checksum: 1
  no_block_cache: 0
  block_cache: 0x7fa8dadcf5a8
  block_cache_name: LRUCache
  block_cache_options:
    capacity : 65536
    num_shard_bits : 10
    strict_capacity_limit : 0
    high_pri_pool_ratio: 0.000
  block_cache_compressed: 0x0
  persistent_cache: 0x0
  block_size: 4096
  block_size_deviation: 5
  block_restart_interval: 10
  index_block_restart_interval: 1
  metadata_block_size: 4096
  partition_filters: 0
  use_delta_encoding: 1
  filter_policy: rocksdb.BuiltinBloomFilter
  whole_key_filtering: 1
  verify_compression: 0
  read_amp_bytes_per_bit: 0
  format_version: 0
  enable_index_compression: 1
  block_align: 0
2019/12/11-16:52:07.963502 700001b34000        Options.write_buffer_size: 65536
2019/12/11-16:52:07.963503 700001b34000  Options.max_write_buffer_number: 3
2019/12/11-16:52:07.963504 700001b34000          Options.compression: NoCompression
2019/12/11-16:52:07.963505 700001b34000                  Options.bottommost_compression: Disabled
2019/12/11-16:52:07.963506 700001b34000       Options.prefix_extractor: nullptr
2019/12/11-16:52:07.963508 700001b34000   Options.memtable_insert_with_hint_prefix_extractor: nullptr
2019/12/11-16:52:07.963508 700001b34000             Options.num_levels: 7
2019/12/11-16:52:07.963509 700001b34000        Options.min_write_buffer_number_to_merge: 1
2019/12/11-16:52:07.963510 700001b34000     Options.max_write_buffer_number_to_maintain: 0
2019/12/11-16:52:07.963511 700001b34000            Options.bottommost_compression_opts.window_bits: -14
2019/12/11-16:52:07.963512 700001b34000                  Options.bottommost_compression_opts.level: 32767
2019/12/11-16:52:07.963513 700001b34000               Options.bottommost_compression_opts.strategy: 0
2019/12/11-16:52:07.963514 700001b34000         Options.bottommost_compression_opts.max_dict_bytes: 0
2019/12/11-16:52:07.963515 700001b34000         Options.bottommost_compression_opts.zstd_max_train_bytes: 0
2019/12/11-16:52:07.963516 700001b34000                  Options.bottommost_compression_opts.enabled: false
2019/12/11-16:52:07.963522 700001b34000            Options.compression_opts.window_bits: -14
2019/12/11-16:52:07.963523 700001b34000                  Options.compression_opts.level: 32767
2019/12/11-16:52:07.963527 700001b34000               Options.compression_opts.strategy: 0
2019/12/11-16:52:07.963528 700001b34000         Options.compression_opts.max_dict_bytes: 0
2019/12/11-16:52:07.963529 700001b34000         Options.compression_opts.zstd_max_train_bytes: 0
2019/12/11-16:52:07.963530 700001b34000                  Options.compression_opts.enabled: false
2019/12/11-16:52:07.963531 700001b34000      Options.level0_file_num_compaction_trigger: 4
2019/12/11-16:52:07.963532 700001b34000          Options.level0_slowdown_writes_trigger: 20
2019/12/11-16:52:07.963533 700001b34000              Options.level0_stop_writes_trigger: 36
2019/12/11-16:52:07.963534 700001b34000                   Options.target_file_size_base: 67108864
2019/12/11-16:52:07.963535 700001b34000             Options.target_file_size_multiplier: 1
2019/12/11-16:52:07.963536 700001b34000                Options.max_bytes_for_level_base: 268435456
2019/12/11-16:52:07.963537 700001b34000 Options.level_compaction_dynamic_level_bytes: 0
2019/12/11-16:52:07.963538 700001b34000          Options.max_bytes_for_level_multiplier: 10.000000
2019/12/11-16:52:07.963539 700001b34000 Options.max_bytes_for_level_multiplier_addtl[0]: 1
2019/12/11-16:52:07.963541 700001b34000 Options.max_bytes_for_level_multiplier_addtl[1]: 1
2019/12/11-16:52:07.963542 700001b34000 Options.max_bytes_for_level_multiplier_addtl[2]: 1
2019/12/11-16:52:07.963543 700001b34000 Options.max_bytes_for_level_multiplier_addtl[3]: 1
2019/12/11-16:52:07.963543 700001b34000 Options.max_bytes_for_level_multiplier_addtl[4]: 1
2019/12/11-16:52:07.963544 700001b34000 Options.max_bytes_for_level_multiplier_addtl[5]: 1
2019/12/11-16:52:07.963545 700001b34000 Options.max_bytes_for_level_multiplier_addtl[6]: 1
2019/12/11-16:52:07.963546 700001b34000       Options.max_sequential_skip_in_iterations: 8
2019/12/11-16:52:07.963547 700001b34000                    Options.max_compaction_bytes: 1677721600
2019/12/11-16:52:07.963548 700001b34000                        Options.arena_block_size: 8192
2019/12/11-16:52:07.963549 700001b34000   Options.soft_pending_compaction_bytes_limit: 68719476736
2019/12/11-16:52:07.963550 700001b34000   Options.hard_pending_compaction_bytes_limit: 274877906944
2019/12/11-16:52:07.963551 700001b34000       Options.rate_limit_delay_max_milliseconds: 100
2019/12/11-16:52:07.963552 700001b34000                Options.disable_auto_compactions: 0
2019/12/11-16:52:07.963554 700001b34000                        Options.compaction_style: kCompactionStyleUniversal
2019/12/11-16:52:07.963555 700001b34000                          Options.compaction_pri: kByCompensatedSize
2019/12/11-16:52:07.963556 700001b34000 Options.compaction_options_universal.size_ratio: 1
2019/12/11-16:52:07.963557 700001b34000 Options.compaction_options_universal.min_merge_width: 2
2019/12/11-16:52:07.963558 700001b34000 Options.compaction_options_universal.max_merge_width: 4294967295
2019/12/11-16:52:07.963559 700001b34000 Options.compaction_options_universal.max_size_amplification_percent: 200
2019/12/11-16:52:07.963560 700001b34000 Options.compaction_options_universal.compression_size_percent: -1
2019/12/11-16:52:07.963561 700001b34000 Options.compaction_options_universal.stop_style: kCompactionStopStyleTotalSize
2019/12/11-16:52:07.963564 700001b34000 Options.compaction_options_fifo.max_table_files_size: 1073741824
2019/12/11-16:52:07.963566 700001b34000 Options.compaction_options_fifo.allow_compaction: 0
2019/12/11-16:52:07.963567 700001b34000 Options.compaction_options_fifo.ttl: 0
2019/12/11-16:52:07.963567 700001b34000                   Options.table_properties_collectors: 
2019/12/11-16:52:07.963568 700001b34000                   Options.inplace_update_support: 0
2019/12/11-16:52:07.963569 700001b34000                 Options.inplace_update_num_locks: 10000
2019/12/11-16:52:07.963573 700001b34000               Options.memtable_prefix_bloom_size_ratio: 0.000000
2019/12/11-16:52:07.963575 700001b34000   Options.memtable_huge_page_size: 0
2019/12/11-16:52:07.963576 700001b34000                           Options.bloom_locality: 0
2019/12/11-16:52:07.963577 700001b34000                    Options.max_successive_merges: 0
2019/12/11-16:52:07.963578 700001b34000                Options.optimize_filters_for_hits: 0
2019/12/11-16:52:07.963579 700001b34000                Options.paranoid_file_checks: 0
2019/12/11-16:52:07.963579 700001b34000                Options.force_consistency_checks: 0
2019/12/11-16:52:07.963580 700001b34000                Options.report_bg_io_stats: 0
2019/12/11-16:52:07.963581 700001b34000                               Options.ttl: 0
2019/12/11-16:52:07.964328 700001b34000 [db/version_set.cc:3610] Recovered from manifest file:db/MANIFEST-000065 succeeded,manifest_file_number is 65, next_file_number is 67, last_sequence is 0, log_number is 0,prev_log_number is 0,max_column_family is 0,min_log_number_to_keep is 0
2019/12/11-16:52:07.964335 700001b34000 [db/version_set.cc:3618] Column family [default] (ID 0), log number is 64
2019/12/11-16:52:07.964513 700001b34000 EVENT_LOG_v1 {"time_micros": 1576054327964498, "job": 1, "event": "recovery_started", "log_files": [66]}
2019/12/11-16:52:07.964525 700001b34000 [db/db_impl_open.cc:561] Recovering log #66 mode 2
2019/12/11-16:52:07.964591 700001b34000 [db/version_set.cc:2936] Creating manifest 68
2019/12/11-16:52:07.966144 700001b34000 EVENT_LOG_v1 {"time_micros": 1576054327966137, "job": 1, "event": "recovery_finished"}
2019/12/11-16:52:07.969993 700001b34000 [db/db_impl_open.cc:1287] DB pointer 0x7fa8dba62a00
