2019/12/18-20:36:12.579799 70000dc0f000 RocksDB version: 5.17.2
2019/12/18-20:36:12.579952 70000dc0f000 Git sha rocksdb_build_git_sha:f438b98e552010613cff8684a7d84191ed785148
2019/12/18-20:36:12.579959 70000dc0f000 Compile date Nov 27 2018
2019/12/18-20:36:12.579962 70000dc0f000 DB SUMMARY
2019/12/18-20:36:12.580249 70000dc0f000 CURRENT file:  CURRENT
2019/12/18-20:36:12.580255 70000dc0f000 IDENTITY file:  IDENTITY
2019/12/18-20:36:12.580279 70000dc0f000 MANIFEST file:  MANIFEST-000143 size: 62 Bytes
2019/12/18-20:36:12.580284 70000dc0f000 SST files in db dir, Total Num: 0, files: 
2019/12/18-20:36:12.580286 70000dc0f000 Write Ahead Log file in db: 000144.log size: 0 ; 
2019/12/18-20:36:12.580297 70000dc0f000                         Options.error_if_exists: 0
2019/12/18-20:36:12.580304 70000dc0f000                       Options.create_if_missing: 1
2019/12/18-20:36:12.580306 70000dc0f000                         Options.paranoid_checks: 1
2019/12/18-20:36:12.580308 70000dc0f000                                     Options.env: 0x123df81d8
2019/12/18-20:36:12.580310 70000dc0f000                                Options.info_log: 0x7ff27246b220
2019/12/18-20:36:12.580312 70000dc0f000                Options.max_file_opening_threads: 16
2019/12/18-20:36:12.580313 70000dc0f000                              Options.statistics: 0x0
2019/12/18-20:36:12.580315 70000dc0f000                               Options.use_fsync: 0
2019/12/18-20:36:12.580317 70000dc0f000                       Options.max_log_file_size: 0
2019/12/18-20:36:12.580319 70000dc0f000                  Options.max_manifest_file_size: 1073741824
2019/12/18-20:36:12.580321 70000dc0f000                   Options.log_file_time_to_roll: 0
2019/12/18-20:36:12.580322 70000dc0f000                       Options.keep_log_file_num: 1000
2019/12/18-20:36:12.580324 70000dc0f000                    Options.recycle_log_file_num: 0
2019/12/18-20:36:12.580326 70000dc0f000                         Options.allow_fallocate: 1
2019/12/18-20:36:12.580328 70000dc0f000                        Options.allow_mmap_reads: 1
2019/12/18-20:36:12.580330 70000dc0f000                       Options.allow_mmap_writes: 0
2019/12/18-20:36:12.580331 70000dc0f000                        Options.use_direct_reads: 0
2019/12/18-20:36:12.580333 70000dc0f000                        Options.use_direct_io_for_flush_and_compaction: 0
2019/12/18-20:36:12.580334 70000dc0f000          Options.create_missing_column_families: 0
2019/12/18-20:36:12.580336 70000dc0f000                              Options.db_log_dir: 
2019/12/18-20:36:12.580337 70000dc0f000                                 Options.wal_dir: db
2019/12/18-20:36:12.580339 70000dc0f000                Options.table_cache_numshardbits: 6
2019/12/18-20:36:12.580341 70000dc0f000                      Options.max_subcompactions: 1
2019/12/18-20:36:12.580342 70000dc0f000                  Options.max_background_flushes: -1
2019/12/18-20:36:12.580344 70000dc0f000                         Options.WAL_ttl_seconds: 0
2019/12/18-20:36:12.580346 70000dc0f000                       Options.WAL_size_limit_MB: 0
2019/12/18-20:36:12.580347 70000dc0f000             Options.manifest_preallocation_size: 4194304
2019/12/18-20:36:12.580356 70000dc0f000                     Options.is_fd_close_on_exec: 1
2019/12/18-20:36:12.580359 70000dc0f000                   Options.advise_random_on_open: 1
2019/12/18-20:36:12.580361 70000dc0f000                    Options.db_write_buffer_size: 0
2019/12/18-20:36:12.580362 70000dc0f000                    Options.write_buffer_manager: 0x7ff27246af20
2019/12/18-20:36:12.580364 70000dc0f000         Options.access_hint_on_compaction_start: 1
2019/12/18-20:36:12.580366 70000dc0f000  Options.new_table_reader_for_compaction_inputs: 0
2019/12/18-20:36:12.580367 70000dc0f000           Options.random_access_max_buffer_size: 1048576
2019/12/18-20:36:12.580369 70000dc0f000                      Options.use_adaptive_mutex: 0
2019/12/18-20:36:12.580371 70000dc0f000                            Options.rate_limiter: 0x7ff272577040
2019/12/18-20:36:12.580378 70000dc0f000     Options.sst_file_manager.rate_bytes_per_sec: 0
2019/12/18-20:36:12.580384 70000dc0f000                       Options.wal_recovery_mode: 2
2019/12/18-20:36:12.580386 70000dc0f000                  Options.enable_thread_tracking: 0
2019/12/18-20:36:12.580388 70000dc0f000                  Options.enable_pipelined_write: 0
2019/12/18-20:36:12.580390 70000dc0f000         Options.allow_concurrent_memtable_write: 1
2019/12/18-20:36:12.580391 70000dc0f000      Options.enable_write_thread_adaptive_yield: 1
2019/12/18-20:36:12.580393 70000dc0f000             Options.write_thread_max_yield_usec: 100
2019/12/18-20:36:12.580395 70000dc0f000            Options.write_thread_slow_yield_usec: 3
2019/12/18-20:36:12.580396 70000dc0f000                               Options.row_cache: None
2019/12/18-20:36:12.580398 70000dc0f000                              Options.wal_filter: None
2019/12/18-20:36:12.580399 70000dc0f000             Options.avoid_flush_during_recovery: 0
2019/12/18-20:36:12.580401 70000dc0f000             Options.allow_ingest_behind: 0
2019/12/18-20:36:12.580402 70000dc0f000             Options.preserve_deletes: 0
2019/12/18-20:36:12.580404 70000dc0f000             Options.two_write_queues: 0
2019/12/18-20:36:12.580406 70000dc0f000             Options.manual_wal_flush: 0
2019/12/18-20:36:12.580408 70000dc0f000             Options.max_background_jobs: 2
2019/12/18-20:36:12.580409 70000dc0f000             Options.max_background_compactions: 10
2019/12/18-20:36:12.580411 70000dc0f000             Options.avoid_flush_during_shutdown: 0
2019/12/18-20:36:12.580412 70000dc0f000           Options.writable_file_max_buffer_size: 1048576
2019/12/18-20:36:12.580414 70000dc0f000             Options.delayed_write_rate : 10000000
2019/12/18-20:36:12.580415 70000dc0f000             Options.max_total_wal_size: 0
2019/12/18-20:36:12.580417 70000dc0f000             Options.delete_obsolete_files_period_micros: 21600000000
2019/12/18-20:36:12.580419 70000dc0f000                   Options.stats_dump_period_sec: 600
2019/12/18-20:36:12.580420 70000dc0f000                          Options.max_open_files: -1
2019/12/18-20:36:12.580422 70000dc0f000                          Options.bytes_per_sync: 1048576
2019/12/18-20:36:12.580424 70000dc0f000                      Options.wal_bytes_per_sync: 0
2019/12/18-20:36:12.580426 70000dc0f000       Options.compaction_readahead_size: 0
2019/12/18-20:36:12.580427 70000dc0f000 Compression algorithms supported:
2019/12/18-20:36:12.580435 70000dc0f000 	kZSTD supported: 1
2019/12/18-20:36:12.580438 70000dc0f000 	kZlibCompression supported: 1
2019/12/18-20:36:12.580440 70000dc0f000 	kXpressCompression supported: 0
2019/12/18-20:36:12.580441 70000dc0f000 	kSnappyCompression supported: 1
2019/12/18-20:36:12.580443 70000dc0f000 	kZSTDNotFinalCompression supported: 1
2019/12/18-20:36:12.580445 70000dc0f000 	kLZ4HCCompression supported: 1
2019/12/18-20:36:12.580446 70000dc0f000 	kLZ4Compression supported: 1
2019/12/18-20:36:12.580448 70000dc0f000 	kBZip2Compression supported: 1
2019/12/18-20:36:12.580457 70000dc0f000 Fast CRC32 supported: Not supported on x86
2019/12/18-20:36:12.581360 70000dc0f000 [db/version_set.cc:3406] Recovering from manifest file: MANIFEST-000143
2019/12/18-20:36:12.581497 70000dc0f000 [db/column_family.cc:475] --------------- Options for column family [default]:
2019/12/18-20:36:12.581504 70000dc0f000               Options.comparator: leveldb.BytewiseComparator
2019/12/18-20:36:12.581508 70000dc0f000           Options.merge_operator: None
2019/12/18-20:36:12.581510 70000dc0f000        Options.compaction_filter: None
2019/12/18-20:36:12.581512 70000dc0f000        Options.compaction_filter_factory: None
2019/12/18-20:36:12.581514 70000dc0f000         Options.memtable_factory: SkipListFactory
2019/12/18-20:36:12.581516 70000dc0f000            Options.table_factory: BlockBasedTable
2019/12/18-20:36:12.581561 70000dc0f000            table_factory options:   flush_block_policy_factory: FlushBlockBySizePolicyFactory (0x7ff27244a480)
  cache_index_and_filter_blocks: 1
  cache_index_and_filter_blocks_with_high_priority: 0
  pin_l0_filter_and_index_blocks_in_cache: 0
  pin_top_level_index_and_filter: 1
  index_type: 0
  hash_index_allow_collision: 0
  checksum: 1
  no_block_cache: 0
  block_cache: 0x7ff27246c148
  block_cache_name: LRUCache
  block_cache_options:
    capacity : 65536
    num_shard_bits : 10
    strict_capacity_limit : 0
    high_pri_pool_ratio: 0.000
  block_cache_compressed: 0x0
  persistent_cache: 0x0
  block_size: 4096
  block_size_deviation: 5
  block_restart_interval: 10
  index_block_restart_interval: 1
  metadata_block_size: 4096
  partition_filters: 0
  use_delta_encoding: 1
  filter_policy: rocksdb.BuiltinBloomFilter
  whole_key_filtering: 1
  verify_compression: 0
  read_amp_bytes_per_bit: 0
  format_version: 0
  enable_index_compression: 1
  block_align: 0
2019/12/18-20:36:12.581564 70000dc0f000        Options.write_buffer_size: 65536
2019/12/18-20:36:12.581566 70000dc0f000  Options.max_write_buffer_number: 3
2019/12/18-20:36:12.581568 70000dc0f000          Options.compression: NoCompression
2019/12/18-20:36:12.581571 70000dc0f000                  Options.bottommost_compression: Disabled
2019/12/18-20:36:12.581573 70000dc0f000       Options.prefix_extractor: nullptr
2019/12/18-20:36:12.581575 70000dc0f000   Options.memtable_insert_with_hint_prefix_extractor: nullptr
2019/12/18-20:36:12.581577 70000dc0f000             Options.num_levels: 7
2019/12/18-20:36:12.581579 70000dc0f000        Options.min_write_buffer_number_to_merge: 1
2019/12/18-20:36:12.581581 70000dc0f000     Options.max_write_buffer_number_to_maintain: 0
2019/12/18-20:36:12.581583 70000dc0f000            Options.bottommost_compression_opts.window_bits: -14
2019/12/18-20:36:12.581584 70000dc0f000                  Options.bottommost_compression_opts.level: 32767
2019/12/18-20:36:12.581586 70000dc0f000               Options.bottommost_compression_opts.strategy: 0
2019/12/18-20:36:12.581587 70000dc0f000         Options.bottommost_compression_opts.max_dict_bytes: 0
2019/12/18-20:36:12.581589 70000dc0f000         Options.bottommost_compression_opts.zstd_max_train_bytes: 0
2019/12/18-20:36:12.581591 70000dc0f000                  Options.bottommost_compression_opts.enabled: false
2019/12/18-20:36:12.581592 70000dc0f000            Options.compression_opts.window_bits: -14
2019/12/18-20:36:12.581594 70000dc0f000                  Options.compression_opts.level: 32767
2019/12/18-20:36:12.581601 70000dc0f000               Options.compression_opts.strategy: 0
2019/12/18-20:36:12.581604 70000dc0f000         Options.compression_opts.max_dict_bytes: 0
2019/12/18-20:36:12.581606 70000dc0f000         Options.compression_opts.zstd_max_train_bytes: 0
2019/12/18-20:36:12.581607 70000dc0f000                  Options.compression_opts.enabled: false
2019/12/18-20:36:12.581609 70000dc0f000      Options.level0_file_num_compaction_trigger: 4
2019/12/18-20:36:12.581610 70000dc0f000          Options.level0_slowdown_writes_trigger: 20
2019/12/18-20:36:12.581612 70000dc0f000              Options.level0_stop_writes_trigger: 36
2019/12/18-20:36:12.581614 70000dc0f000                   Options.target_file_size_base: 67108864
2019/12/18-20:36:12.581615 70000dc0f000             Options.target_file_size_multiplier: 1
2019/12/18-20:36:12.581623 70000dc0f000                Options.max_bytes_for_level_base: 268435456
2019/12/18-20:36:12.581625 70000dc0f000 Options.level_compaction_dynamic_level_bytes: 0
2019/12/18-20:36:12.581627 70000dc0f000          Options.max_bytes_for_level_multiplier: 10.000000
2019/12/18-20:36:12.581631 70000dc0f000 Options.max_bytes_for_level_multiplier_addtl[0]: 1
2019/12/18-20:36:12.581633 70000dc0f000 Options.max_bytes_for_level_multiplier_addtl[1]: 1
2019/12/18-20:36:12.581634 70000dc0f000 Options.max_bytes_for_level_multiplier_addtl[2]: 1
2019/12/18-20:36:12.581636 70000dc0f000 Options.max_bytes_for_level_multiplier_addtl[3]: 1
2019/12/18-20:36:12.581638 70000dc0f000 Options.max_bytes_for_level_multiplier_addtl[4]: 1
2019/12/18-20:36:12.581639 70000dc0f000 Options.max_bytes_for_level_multiplier_addtl[5]: 1
2019/12/18-20:36:12.581641 70000dc0f000 Options.max_bytes_for_level_multiplier_addtl[6]: 1
2019/12/18-20:36:12.581643 70000dc0f000       Options.max_sequential_skip_in_iterations: 8
2019/12/18-20:36:12.581645 70000dc0f000                    Options.max_compaction_bytes: 1677721600
2019/12/18-20:36:12.581646 70000dc0f000                        Options.arena_block_size: 8192
2019/12/18-20:36:12.581648 70000dc0f000   Options.soft_pending_compaction_bytes_limit: 68719476736
2019/12/18-20:36:12.581650 70000dc0f000   Options.hard_pending_compaction_bytes_limit: 274877906944
2019/12/18-20:36:12.581651 70000dc0f000       Options.rate_limit_delay_max_milliseconds: 100
2019/12/18-20:36:12.581653 70000dc0f000                Options.disable_auto_compactions: 0
2019/12/18-20:36:12.581656 70000dc0f000                        Options.compaction_style: kCompactionStyleUniversal
2019/12/18-20:36:12.581658 70000dc0f000                          Options.compaction_pri: kByCompensatedSize
2019/12/18-20:36:12.581660 70000dc0f000 Options.compaction_options_universal.size_ratio: 1
2019/12/18-20:36:12.581662 70000dc0f000 Options.compaction_options_universal.min_merge_width: 2
2019/12/18-20:36:12.581663 70000dc0f000 Options.compaction_options_universal.max_merge_width: 4294967295
2019/12/18-20:36:12.581665 70000dc0f000 Options.compaction_options_universal.max_size_amplification_percent: 200
2019/12/18-20:36:12.581667 70000dc0f000 Options.compaction_options_universal.compression_size_percent: -1
2019/12/18-20:36:12.581670 70000dc0f000 Options.compaction_options_universal.stop_style: kCompactionStopStyleTotalSize
2019/12/18-20:36:12.581678 70000dc0f000 Options.compaction_options_fifo.max_table_files_size: 1073741824
2019/12/18-20:36:12.581681 70000dc0f000 Options.compaction_options_fifo.allow_compaction: 0
2019/12/18-20:36:12.581683 70000dc0f000 Options.compaction_options_fifo.ttl: 0
2019/12/18-20:36:12.581684 70000dc0f000                   Options.table_properties_collectors: 
2019/12/18-20:36:12.581686 70000dc0f000                   Options.inplace_update_support: 0
2019/12/18-20:36:12.581688 70000dc0f000                 Options.inplace_update_num_locks: 10000
2019/12/18-20:36:12.581690 70000dc0f000               Options.memtable_prefix_bloom_size_ratio: 0.000000
2019/12/18-20:36:12.581692 70000dc0f000   Options.memtable_huge_page_size: 0
2019/12/18-20:36:12.581693 70000dc0f000                           Options.bloom_locality: 0
2019/12/18-20:36:12.581695 70000dc0f000                    Options.max_successive_merges: 0
2019/12/18-20:36:12.581697 70000dc0f000                Options.optimize_filters_for_hits: 0
2019/12/18-20:36:12.581698 70000dc0f000                Options.paranoid_file_checks: 0
2019/12/18-20:36:12.581700 70000dc0f000                Options.force_consistency_checks: 0
2019/12/18-20:36:12.581702 70000dc0f000                Options.report_bg_io_stats: 0
2019/12/18-20:36:12.581704 70000dc0f000                               Options.ttl: 0
2019/12/18-20:36:12.583001 70000dc0f000 [db/version_set.cc:3610] Recovered from manifest file:db/MANIFEST-000143 succeeded,manifest_file_number is 143, next_file_number is 145, last_sequence is 0, log_number is 0,prev_log_number is 0,max_column_family is 0,min_log_number_to_keep is 0
2019/12/18-20:36:12.583017 70000dc0f000 [db/version_set.cc:3618] Column family [default] (ID 0), log number is 142
2019/12/18-20:36:12.583348 70000dc0f000 EVENT_LOG_v1 {"time_micros": 1576672572583310, "job": 1, "event": "recovery_started", "log_files": [144]}
2019/12/18-20:36:12.583385 70000dc0f000 [db/db_impl_open.cc:561] Recovering log #144 mode 2
2019/12/18-20:36:12.583502 70000dc0f000 [db/version_set.cc:2936] Creating manifest 146
2019/12/18-20:36:12.584992 70000dc0f000 EVENT_LOG_v1 {"time_micros": 1576672572584981, "job": 1, "event": "recovery_finished"}
2019/12/18-20:36:12.590382 70000dc0f000 [db/db_impl_open.cc:1287] DB pointer 0x7ff273a82000
