2019/12/10-11:40:25.259374 7000080f0000 RocksDB version: 5.17.2
2019/12/10-11:40:25.259503 7000080f0000 Git sha rocksdb_build_git_sha:f438b98e552010613cff8684a7d84191ed785148
2019/12/10-11:40:25.259509 7000080f0000 Compile date Nov 27 2018
2019/12/10-11:40:25.259512 7000080f0000 DB SUMMARY
2019/12/10-11:40:25.259633 7000080f0000 CURRENT file:  CURRENT
2019/12/10-11:40:25.259638 7000080f0000 IDENTITY file:  IDENTITY
2019/12/10-11:40:25.259653 7000080f0000 MANIFEST file:  MANIFEST-000005 size: 59 Bytes
2019/12/10-11:40:25.259657 7000080f0000 SST files in db dir, Total Num: 0, files: 
2019/12/10-11:40:25.259659 7000080f0000 Write Ahead Log file in db: 000006.log size: 0 ; 
2019/12/10-11:40:25.259663 7000080f0000                         Options.error_if_exists: 0
2019/12/10-11:40:25.259686 7000080f0000                       Options.create_if_missing: 1
2019/12/10-11:40:25.259688 7000080f0000                         Options.paranoid_checks: 1
2019/12/10-11:40:25.259690 7000080f0000                                     Options.env: 0x12a0201d8
2019/12/10-11:40:25.259691 7000080f0000                                Options.info_log: 0x7fd981f7af20
2019/12/10-11:40:25.259695 7000080f0000                Options.max_file_opening_threads: 16
2019/12/10-11:40:25.259697 7000080f0000                              Options.statistics: 0x0
2019/12/10-11:40:25.259701 7000080f0000                               Options.use_fsync: 0
2019/12/10-11:40:25.259704 7000080f0000                       Options.max_log_file_size: 0
2019/12/10-11:40:25.259706 7000080f0000                  Options.max_manifest_file_size: 1073741824
2019/12/10-11:40:25.259709 7000080f0000                   Options.log_file_time_to_roll: 0
2019/12/10-11:40:25.259710 7000080f0000                       Options.keep_log_file_num: 1000
2019/12/10-11:40:25.259712 7000080f0000                    Options.recycle_log_file_num: 0
2019/12/10-11:40:25.259713 7000080f0000                         Options.allow_fallocate: 1
2019/12/10-11:40:25.259714 7000080f0000                        Options.allow_mmap_reads: 1
2019/12/10-11:40:25.259716 7000080f0000                       Options.allow_mmap_writes: 0
2019/12/10-11:40:25.259721 7000080f0000                        Options.use_direct_reads: 0
2019/12/10-11:40:25.259723 7000080f0000                        Options.use_direct_io_for_flush_and_compaction: 0
2019/12/10-11:40:25.259724 7000080f0000          Options.create_missing_column_families: 0
2019/12/10-11:40:25.259726 7000080f0000                              Options.db_log_dir: 
2019/12/10-11:40:25.259727 7000080f0000                                 Options.wal_dir: db
2019/12/10-11:40:25.259728 7000080f0000                Options.table_cache_numshardbits: 6
2019/12/10-11:40:25.259730 7000080f0000                      Options.max_subcompactions: 1
2019/12/10-11:40:25.259731 7000080f0000                  Options.max_background_flushes: -1
2019/12/10-11:40:25.259733 7000080f0000                         Options.WAL_ttl_seconds: 0
2019/12/10-11:40:25.259735 7000080f0000                       Options.WAL_size_limit_MB: 0
2019/12/10-11:40:25.259736 7000080f0000             Options.manifest_preallocation_size: 4194304
2019/12/10-11:40:25.259737 7000080f0000                     Options.is_fd_close_on_exec: 1
2019/12/10-11:40:25.259737 7000080f0000                   Options.advise_random_on_open: 1
2019/12/10-11:40:25.259738 7000080f0000                    Options.db_write_buffer_size: 0
2019/12/10-11:40:25.259739 7000080f0000                    Options.write_buffer_manager: 0x7fd981f7aef0
2019/12/10-11:40:25.259740 7000080f0000         Options.access_hint_on_compaction_start: 1
2019/12/10-11:40:25.259741 7000080f0000  Options.new_table_reader_for_compaction_inputs: 0
2019/12/10-11:40:25.259742 7000080f0000           Options.random_access_max_buffer_size: 1048576
2019/12/10-11:40:25.259743 7000080f0000                      Options.use_adaptive_mutex: 0
2019/12/10-11:40:25.259744 7000080f0000                            Options.rate_limiter: 0x7fd981dc11c0
2019/12/10-11:40:25.259748 7000080f0000     Options.sst_file_manager.rate_bytes_per_sec: 0
2019/12/10-11:40:25.259751 7000080f0000                       Options.wal_recovery_mode: 2
2019/12/10-11:40:25.259752 7000080f0000                  Options.enable_thread_tracking: 0
2019/12/10-11:40:25.259753 7000080f0000                  Options.enable_pipelined_write: 0
2019/12/10-11:40:25.259754 7000080f0000         Options.allow_concurrent_memtable_write: 1
2019/12/10-11:40:25.259755 7000080f0000      Options.enable_write_thread_adaptive_yield: 1
2019/12/10-11:40:25.259756 7000080f0000             Options.write_thread_max_yield_usec: 100
2019/12/10-11:40:25.259757 7000080f0000            Options.write_thread_slow_yield_usec: 3
2019/12/10-11:40:25.259758 7000080f0000                               Options.row_cache: None
2019/12/10-11:40:25.259758 7000080f0000                              Options.wal_filter: None
2019/12/10-11:40:25.259759 7000080f0000             Options.avoid_flush_during_recovery: 0
2019/12/10-11:40:25.259760 7000080f0000             Options.allow_ingest_behind: 0
2019/12/10-11:40:25.259761 7000080f0000             Options.preserve_deletes: 0
2019/12/10-11:40:25.259762 7000080f0000             Options.two_write_queues: 0
2019/12/10-11:40:25.259763 7000080f0000             Options.manual_wal_flush: 0
2019/12/10-11:40:25.259764 7000080f0000             Options.max_background_jobs: 2
2019/12/10-11:40:25.259765 7000080f0000             Options.max_background_compactions: 10
2019/12/10-11:40:25.259766 7000080f0000             Options.avoid_flush_during_shutdown: 0
2019/12/10-11:40:25.259767 7000080f0000           Options.writable_file_max_buffer_size: 1048576
2019/12/10-11:40:25.259768 7000080f0000             Options.delayed_write_rate : 10000000
2019/12/10-11:40:25.259769 7000080f0000             Options.max_total_wal_size: 0
2019/12/10-11:40:25.259770 7000080f0000             Options.delete_obsolete_files_period_micros: 21600000000
2019/12/10-11:40:25.259771 7000080f0000                   Options.stats_dump_period_sec: 600
2019/12/10-11:40:25.259772 7000080f0000                          Options.max_open_files: -1
2019/12/10-11:40:25.259775 7000080f0000                          Options.bytes_per_sync: 1048576
2019/12/10-11:40:25.259777 7000080f0000                      Options.wal_bytes_per_sync: 0
2019/12/10-11:40:25.259779 7000080f0000       Options.compaction_readahead_size: 0
2019/12/10-11:40:25.259780 7000080f0000 Compression algorithms supported:
2019/12/10-11:40:25.259802 7000080f0000 	kZSTD supported: 1
2019/12/10-11:40:25.259806 7000080f0000 	kZlibCompression supported: 1
2019/12/10-11:40:25.259808 7000080f0000 	kXpressCompression supported: 0
2019/12/10-11:40:25.259809 7000080f0000 	kSnappyCompression supported: 1
2019/12/10-11:40:25.259811 7000080f0000 	kZSTDNotFinalCompression supported: 1
2019/12/10-11:40:25.259812 7000080f0000 	kLZ4HCCompression supported: 1
2019/12/10-11:40:25.259813 7000080f0000 	kLZ4Compression supported: 1
2019/12/10-11:40:25.259814 7000080f0000 	kBZip2Compression supported: 1
2019/12/10-11:40:25.259819 7000080f0000 Fast CRC32 supported: Not supported on x86
2019/12/10-11:40:25.260405 7000080f0000 [db/version_set.cc:3406] Recovering from manifest file: MANIFEST-000005
2019/12/10-11:40:25.260496 7000080f0000 [db/column_family.cc:475] --------------- Options for column family [default]:
2019/12/10-11:40:25.260501 7000080f0000               Options.comparator: leveldb.BytewiseComparator
2019/12/10-11:40:25.260503 7000080f0000           Options.merge_operator: None
2019/12/10-11:40:25.260505 7000080f0000        Options.compaction_filter: None
2019/12/10-11:40:25.260507 7000080f0000        Options.compaction_filter_factory: None
2019/12/10-11:40:25.260509 7000080f0000         Options.memtable_factory: SkipListFactory
2019/12/10-11:40:25.260511 7000080f0000            Options.table_factory: BlockBasedTable
2019/12/10-11:40:25.260542 7000080f0000            table_factory options:   flush_block_policy_factory: FlushBlockBySizePolicyFactory (0x7fd981d88020)
  cache_index_and_filter_blocks: 1
  cache_index_and_filter_blocks_with_high_priority: 0
  pin_l0_filter_and_index_blocks_in_cache: 0
  pin_top_level_index_and_filter: 1
  index_type: 0
  hash_index_allow_collision: 0
  checksum: 1
  no_block_cache: 0
  block_cache: 0x7fd981dc2d88
  block_cache_name: LRUCache
  block_cache_options:
    capacity : 65536
    num_shard_bits : 10
    strict_capacity_limit : 0
    high_pri_pool_ratio: 0.000
  block_cache_compressed: 0x0
  persistent_cache: 0x0
  block_size: 4096
  block_size_deviation: 5
  block_restart_interval: 10
  index_block_restart_interval: 1
  metadata_block_size: 4096
  partition_filters: 0
  use_delta_encoding: 1
  filter_policy: rocksdb.BuiltinBloomFilter
  whole_key_filtering: 1
  verify_compression: 0
  read_amp_bytes_per_bit: 0
  format_version: 0
  enable_index_compression: 1
  block_align: 0
2019/12/10-11:40:25.260550 7000080f0000        Options.write_buffer_size: 65536
2019/12/10-11:40:25.260553 7000080f0000  Options.max_write_buffer_number: 3
2019/12/10-11:40:25.260554 7000080f0000          Options.compression: NoCompression
2019/12/10-11:40:25.260556 7000080f0000                  Options.bottommost_compression: Disabled
2019/12/10-11:40:25.260558 7000080f0000       Options.prefix_extractor: nullptr
2019/12/10-11:40:25.260560 7000080f0000   Options.memtable_insert_with_hint_prefix_extractor: nullptr
2019/12/10-11:40:25.260562 7000080f0000             Options.num_levels: 7
2019/12/10-11:40:25.260563 7000080f0000        Options.min_write_buffer_number_to_merge: 1
2019/12/10-11:40:25.260565 7000080f0000     Options.max_write_buffer_number_to_maintain: 0
2019/12/10-11:40:25.260567 7000080f0000            Options.bottommost_compression_opts.window_bits: -14
2019/12/10-11:40:25.260569 7000080f0000                  Options.bottommost_compression_opts.level: 32767
2019/12/10-11:40:25.260571 7000080f0000               Options.bottommost_compression_opts.strategy: 0
2019/12/10-11:40:25.260573 7000080f0000         Options.bottommost_compression_opts.max_dict_bytes: 0
2019/12/10-11:40:25.260575 7000080f0000         Options.bottommost_compression_opts.zstd_max_train_bytes: 0
2019/12/10-11:40:25.260576 7000080f0000                  Options.bottommost_compression_opts.enabled: false
2019/12/10-11:40:25.260583 7000080f0000            Options.compression_opts.window_bits: -14
2019/12/10-11:40:25.260586 7000080f0000                  Options.compression_opts.level: 32767
2019/12/10-11:40:25.260592 7000080f0000               Options.compression_opts.strategy: 0
2019/12/10-11:40:25.260594 7000080f0000         Options.compression_opts.max_dict_bytes: 0
2019/12/10-11:40:25.260596 7000080f0000         Options.compression_opts.zstd_max_train_bytes: 0
2019/12/10-11:40:25.260597 7000080f0000                  Options.compression_opts.enabled: false
2019/12/10-11:40:25.260599 7000080f0000      Options.level0_file_num_compaction_trigger: 4
2019/12/10-11:40:25.260601 7000080f0000          Options.level0_slowdown_writes_trigger: 20
2019/12/10-11:40:25.260603 7000080f0000              Options.level0_stop_writes_trigger: 36
2019/12/10-11:40:25.260605 7000080f0000                   Options.target_file_size_base: 67108864
2019/12/10-11:40:25.260606 7000080f0000             Options.target_file_size_multiplier: 1
2019/12/10-11:40:25.260608 7000080f0000                Options.max_bytes_for_level_base: 268435456
2019/12/10-11:40:25.260610 7000080f0000 Options.level_compaction_dynamic_level_bytes: 0
2019/12/10-11:40:25.260612 7000080f0000          Options.max_bytes_for_level_multiplier: 10.000000
2019/12/10-11:40:25.260616 7000080f0000 Options.max_bytes_for_level_multiplier_addtl[0]: 1
2019/12/10-11:40:25.260618 7000080f0000 Options.max_bytes_for_level_multiplier_addtl[1]: 1
2019/12/10-11:40:25.260620 7000080f0000 Options.max_bytes_for_level_multiplier_addtl[2]: 1
2019/12/10-11:40:25.260621 7000080f0000 Options.max_bytes_for_level_multiplier_addtl[3]: 1
2019/12/10-11:40:25.260623 7000080f0000 Options.max_bytes_for_level_multiplier_addtl[4]: 1
2019/12/10-11:40:25.260625 7000080f0000 Options.max_bytes_for_level_multiplier_addtl[5]: 1
2019/12/10-11:40:25.260627 7000080f0000 Options.max_bytes_for_level_multiplier_addtl[6]: 1
2019/12/10-11:40:25.260629 7000080f0000       Options.max_sequential_skip_in_iterations: 8
2019/12/10-11:40:25.260630 7000080f0000                    Options.max_compaction_bytes: 1677721600
2019/12/10-11:40:25.260632 7000080f0000                        Options.arena_block_size: 8192
2019/12/10-11:40:25.260634 7000080f0000   Options.soft_pending_compaction_bytes_limit: 68719476736
2019/12/10-11:40:25.260636 7000080f0000   Options.hard_pending_compaction_bytes_limit: 274877906944
2019/12/10-11:40:25.260638 7000080f0000       Options.rate_limit_delay_max_milliseconds: 100
2019/12/10-11:40:25.260640 7000080f0000                Options.disable_auto_compactions: 0
2019/12/10-11:40:25.260643 7000080f0000                        Options.compaction_style: kCompactionStyleUniversal
2019/12/10-11:40:25.260645 7000080f0000                          Options.compaction_pri: kByCompensatedSize
2019/12/10-11:40:25.260647 7000080f0000 Options.compaction_options_universal.size_ratio: 1
2019/12/10-11:40:25.260649 7000080f0000 Options.compaction_options_universal.min_merge_width: 2
2019/12/10-11:40:25.260651 7000080f0000 Options.compaction_options_universal.max_merge_width: 4294967295
2019/12/10-11:40:25.260652 7000080f0000 Options.compaction_options_universal.max_size_amplification_percent: 200
2019/12/10-11:40:25.260654 7000080f0000 Options.compaction_options_universal.compression_size_percent: -1
2019/12/10-11:40:25.260657 7000080f0000 Options.compaction_options_universal.stop_style: kCompactionStopStyleTotalSize
2019/12/10-11:40:25.260663 7000080f0000 Options.compaction_options_fifo.max_table_files_size: 1073741824
2019/12/10-11:40:25.260665 7000080f0000 Options.compaction_options_fifo.allow_compaction: 0
2019/12/10-11:40:25.260667 7000080f0000 Options.compaction_options_fifo.ttl: 0
2019/12/10-11:40:25.260669 7000080f0000                   Options.table_properties_collectors: 
2019/12/10-11:40:25.260671 7000080f0000                   Options.inplace_update_support: 0
2019/12/10-11:40:25.260673 7000080f0000                 Options.inplace_update_num_locks: 10000
2019/12/10-11:40:25.260678 7000080f0000               Options.memtable_prefix_bloom_size_ratio: 0.000000
2019/12/10-11:40:25.260681 7000080f0000   Options.memtable_huge_page_size: 0
2019/12/10-11:40:25.260683 7000080f0000                           Options.bloom_locality: 0
2019/12/10-11:40:25.260684 7000080f0000                    Options.max_successive_merges: 0
2019/12/10-11:40:25.260686 7000080f0000                Options.optimize_filters_for_hits: 0
2019/12/10-11:40:25.260688 7000080f0000                Options.paranoid_file_checks: 0
2019/12/10-11:40:25.260690 7000080f0000                Options.force_consistency_checks: 0
2019/12/10-11:40:25.260691 7000080f0000                Options.report_bg_io_stats: 0
2019/12/10-11:40:25.260693 7000080f0000                               Options.ttl: 0
2019/12/10-11:40:25.261493 7000080f0000 [db/version_set.cc:3610] Recovered from manifest file:db/MANIFEST-000005 succeeded,manifest_file_number is 5, next_file_number is 7, last_sequence is 0, log_number is 0,prev_log_number is 0,max_column_family is 0,min_log_number_to_keep is 0
2019/12/10-11:40:25.261499 7000080f0000 [db/version_set.cc:3618] Column family [default] (ID 0), log number is 4
2019/12/10-11:40:25.261625 7000080f0000 EVENT_LOG_v1 {"time_micros": 1575949225261611, "job": 1, "event": "recovery_started", "log_files": [6]}
2019/12/10-11:40:25.261635 7000080f0000 [db/db_impl_open.cc:561] Recovering log #6 mode 2
2019/12/10-11:40:25.261697 7000080f0000 [db/version_set.cc:2936] Creating manifest 8
2019/12/10-11:40:25.262486 7000080f0000 EVENT_LOG_v1 {"time_micros": 1575949225262480, "job": 1, "event": "recovery_finished"}
2019/12/10-11:40:25.267212 7000080f0000 [db/db_impl_open.cc:1287] DB pointer 0x7fd983338400
